<html>



 



 



 



<head><style type="text/css"><!--



 



A:link{color: #000000; cursor:none; text-transform:uppercase; }



A:link{color: #000000; text-decoration:none; text-transform:uppercase; }



A:visited{color: #666666; cursor:none; text-transform:uppercase; }



A:visited{color: #000000; text-decoration:none; text-transform:uppercase; }



A:active{color: #000000; cursor:crosshair; text-transform:uppercase; }



A:active{color: #000000; text-decoration:none text-transform:uppercase; }



A:hover{color: #ffffff; ; cursor:mouse; text-transform:uppercase; }



A:hover{color: #ffffff; text-decoration:none text-transform:uppercase; }



 



 form, input, table, tr, td{font:10pt arial;



        text-align:justify;



    	background-color:#transparent;



    	border:0pt solid #c0c0c0;}



 



 



textarea, text area {font:10pt arial;



    	background-color:transparent;



    	border:0pt solid #0080ff;}



 



	font-variant:x-small;



	font-weight:x-small;



	font-family: Tahoma, Verdana, Arial, sans-serif;



	font-size: 10pt;}



 



 



option, frame, iframe  {font:10pt arial;



    	color:#000000;



    	background-color:transparent;



    	border:0pt solid #c0c0c0;}



 



 



body   {font:10pt verdana;



    	color:#000000;



    	background-color:666666; 



	background-image:url(indexbg.gif);



	background-repeat:x-repeat;



	background-attachment:fixed;



	border:0pt ridge #c0c0c0;



 



cursor: crosshair; 



a {cursor: crosshair;}



a {hover cursor: crosshair;}



 



 



body    {text-align:justify;



	padding-left:0pt;



	padding-right:0pt;



	padding-top:0pt;



 	cellpadding:0; 



	cellspacing:0;



	line-height:12px; 



	letter-spacing:xxx-small;



	font-variant:xxx-small;



	font-weight:xxx-small;



	font-family: Tahoma, Verdana, Arial, sans-serif;



	font-size: 10pt;



 



}-->



</style>







<center>



 



<img id="technoheader" src="http://i.imgur.com/uv4pDYx.png" border="0" width="1022" height="488" orgWidth="1022" orgHeight



    ="488" usemap="#technoheader" alt="" />



<map name="technoheader" id="technoheader">



<area  alt="" title="" href="http://www.facebook.com/groups/TranshumanAndrogyneCollective/" target="new" shape="rect" coords="18,419,69,473" style



    ="outline:none;" target="_self"     />



<area  alt="" title="" href="http://www.instagram.com/techn0.shaman" target="new" shape="rect" coords="81,425,134,471" 



    style="outline:none;" target="_self"     />



<area  alt="" title="" href="http://www.twitter.com/techn0shaman" target="new" shape="rect" coords="136,423,190,471" style



    ="outline:none;" target="_self"     />



</map>



<br><br><BR><BR>



<center></center><iframe width="800" height="600" src="http://www.youtube.com/embed/1qt_AJ-Jl68?list



    =FLnxXYUtb71uzKkD7xLOU4VQ" frameborder="0" allowfullscreen></iframe></center>



<br>



<br>




<center> <iframe width="800" height="600" src="http://www.thevrexperts.com/virtual-reality-now-beyond-2030/" frameborder="0" allowfullscreen></iframe></center>


<center><img id="jeffresfirstterraingif" src="http://i.gyazo.com/59b89216f08347be5d10fb8331c23fba.gif"></center>







<br>



<br>







<center><a href="http://www.janusvr.com" target="new"> Download JanusVR </A> |



<A href="http://vesta.janusvr.com/technoshaman/technoportals" target="new"> Visit me in VR here  </A> |



<a href="http://www.facebook.com/groups/TranshumanAndrogyneCollective/" target="new" > Transhuman Androgyne Collective </a>



<BR>



<BR>



<b>Hackaday</b> | <A href="http://www.hackaday.io/techn0shaman" target="_new"> Hack the Planet</A>



<BR>



<BR>







EMAIL ME for | Virtual Reality | Transhumanism -  <b>Techno.ShamanTO@gmail.com</b> </center>



 



 



<BR>



<BR>



 



 



<center> <iframe width="800" height="600" src="http://www.seriouswonder.com/im-virtual-therefore-i-am-conversation-with-techno-shaman-jeffrey-lynn-damon/" frameborder="0" allowfullscreen></iframe></center>



 



 



<BR>



<BR>



<BR>







<BR>



<BR>



<BR>



<p>



<font face="Constantia">TM & © 2016 Techn0Shaman Inc. All rights reserved.  </font>

<!-- Written with Janus VR.  URL: http://www.techn0shaman.one/ -->
<html>
<head>
<title></title>
</head>
<body>
<FireBoxRoom>
<Assets>
<AssetObject id="techno" src="http://vesta.janusvr.com/files/Techno.Shaman/techno%20shaman%20face.obj" mtl="http://vesta.janusvr.com/files/Techno.Shaman/techno%20shaman%20face.mtl" />
<AssetObject id="http://www.techn0shaman.one/newapartment/redprunusplant/Prunus.obj" src="http://www.techn0shaman.one/newapartment/redprunusplant/Prunus.obj" mtl="http://www.techn0shaman.one/newapartment/redprunusplant/Prunus.mtl" />
<AssetObject id="http://www.techn0shaman.one/newapartment/houseplant1/AGRA-I-S2862-37-481112.obj" src="http://www.techn0shaman.one/newapartment/houseplant1/AGRA-I-S2862-37-481112.obj" mtl="http://www.techn0shaman.one/newapartment/houseplant1/AGRA-I-S2862-37-481112.mtl" />
<AssetObject id="object_Portal turret V2_5" src="http://vrsites.com/assets/asurazero/1/Portal%20turret%20V2_5.obj" mtl="http://vrsites.com/assets/asurazero/1/Portal%20turret%20V2_5.mtl" />
<AssetObject id="portalcastle" src="http://beta.vrsites.com/files/Techno.Shaman/portal%20castle.obj" mtl="http://www.techn0shaman.one/technoshamanone.mtl" />
<AssetObject id="http://www.techn0shaman.one/blender/trees/HandMadeTree2.dae.gz" src="http://www.techn0shaman.one/blender/trees/HandMadeTree2.dae.gz" mtl="http://www.techn0shaman.one/blender/trees/HandMadeTree2.dae.mtl" />
<AssetObject id="http://www.techn0shaman.one/blender/trees/HandMadeTree1.dae.gz" src="http://www.techn0shaman.one/blender/trees/HandMadeTree1.dae.gz" mtl="http://www.techn0shaman.one/blender/trees/HandMadeTree1.dae.mtl" />
<AssetObject id="http://www.techn0shaman.one/sketchup/log/12_%2BLog.dae" src="http://www.techn0shaman.one/sketchup/log/12_%2BLog.dae" mtl="http://www.techn0shaman.one/sketchup/log/12_%2BLog.mtl" />
<AssetObject id="grunt" src="http://vesta.janusvr.com/files/Techno.Shaman/Grunt.obj" mtl="http://vesta.janusvr.com/files/Techno.Shaman/Grunt.mtl" />
<AssetObject id="tristrammainW" src="http://www.geniusvr.com/Tristram/v4/tristramW.obj" />
<AssetObject id="http://www.techn0shaman.one/sketchup/technogazebo/technogazebo.obj.gz" src="http://www.techn0shaman.one/sketchup/technogazebo/technogazebo.obj.gz" mtl="http://www.techn0shaman.one/sketchup/technogazebo/technogazebo.obj.mtl" />
<AssetObject id="http://www.techn0shaman.one/sketchup/testforest/foresttest.obj.gz" src="http://www.techn0shaman.one/sketchup/testforest/foresttest.obj.gz" mtl="http://www.techn0shaman.one/sketchup/testforest/foresttest.obj.mtl" />
<AssetObject id="http://www.techn0shaman.one/firefoxtechnomountain/pyramid/StepPyramid.dae" src="http://www.techn0shaman.one/firefoxtechnomountain/pyramid/StepPyramid.dae" mtl="http://www.techn0shaman.one/firefoxtechnomountain/pyramid/StepPyramid.mtl" />
<AssetObject id="tree1_obj" src="http://www.techn0shaman.one/blender/trees/HandMadeTree1.dae.gz" />
<AssetImage id="http://i.imgur.com/Kv6OHz3.jpg" src="http://i.imgur.com/Kv6OHz3.jpg" />
<AssetImage id="http://i.imgur.com/X353RWW.jpg" src="http://i.imgur.com/X353RWW.jpg" />
<AssetImage id="http://67.media.tumblr.com/72a873f95224b768121db73d61d081ed/tumblr_o774o1swPg1ute1ezo1_1280.gif" src="http://67.media.tumblr.com/72a873f95224b768121db73d61d081ed/tumblr_o774o1swPg1ute1ezo1_1280.gif" />
<AssetImage id="http://i.imgur.com/4tpv4p2.jpg" src="http://i.imgur.com/4tpv4p2.jpg" />
<AssetImage id="http://i.imgur.com/5m7hA4Q.jpg" src="http://i.imgur.com/5m7hA4Q.jpg" />
<AssetImage id="sky_left" src="http://i.imgur.com/hoZVnX9.jpg" tex_clamp="true" />
<AssetImage id="sky_right" src="http://i.imgur.com/K1XNmFW.jpg" tex_clamp="true" />
<AssetImage id="http://media.giphy.com/media/26tPaC8vhsbuetuHC/giphy.gif" src="http://media.giphy.com/media/26tPaC8vhsbuetuHC/giphy.gif" />
<AssetImage id="https://67.media.tumblr.com/636a88fa242835c0e8777e4a88c71a23/tumblr_o1nefoEXud1v5s3gyo1_500.png" src="https://67.media.tumblr.com/636a88fa242835c0e8777e4a88c71a23/tumblr_o1nefoEXud1v5s3gyo1_500.png" />
<AssetImage id="http://i.imgur.com/vspMM9n.png" src="http://i.imgur.com/vspMM9n.png" />
<AssetImage id="http://49.media.tumblr.com/b5f8ec533915778277af9d9eb97c76c4/tumblr_nukm5cVFry1rjxhb3o1_400.gif" src="http://49.media.tumblr.com/b5f8ec533915778277af9d9eb97c76c4/tumblr_nukm5cVFry1rjxhb3o1_400.gif" />
<AssetImage id="http://i.imgur.com/YSNs5B7.jpg" src="http://i.imgur.com/YSNs5B7.jpg" />
<AssetImage id="blankdoor" src="thumbs/blank.png" tex_compress="true" />
<AssetImage id="http://i.imgur.com/BbAdPIZ.png" src="http://i.imgur.com/BbAdPIZ.png" />
<AssetImage id="http://45.media.tumblr.com/3c43c24dbb58ebe26c7a23773f6f49d7/tumblr_ni2n1fbSOx1rsxqqio1_500.gif" src="http://45.media.tumblr.com/3c43c24dbb58ebe26c7a23773f6f49d7/tumblr_ni2n1fbSOx1rsxqqio1_500.gif" />
<AssetImage id="sky_up" src="http://i.imgur.com/clFkH03.jpg" tex_clamp="true" />
<AssetImage id="http://49.media.tumblr.com/2f5de6f6dce16de0b585124b20d32539/tumblr_mtlsmgXaj71r4cql5o1_500.gif" src="http://49.media.tumblr.com/2f5de6f6dce16de0b585124b20d32539/tumblr_mtlsmgXaj71r4cql5o1_500.gif" />
<AssetImage id="http://i.imgur.com/25zcLas.jpg" src="http://i.imgur.com/25zcLas.jpg" />
<AssetImage id="http://www.neutralzone.ca/logo/neutral logo-white letters.jpg" src="http://www.neutralzone.ca/logo/neutral logo-white letters.jpg" />
<AssetImage id="http://45.media.tumblr.com/418580411f2f0a31df32d464e28452a6/tumblr_n3f31hpBqh1sgialvo1_400.gif" src="http://45.media.tumblr.com/418580411f2f0a31df32d464e28452a6/tumblr_n3f31hpBqh1sgialvo1_400.gif" />
<AssetImage id="sky_back" src="http://i.imgur.com/PJn03gc.jpg" tex_clamp="true" />
<AssetImage id="http://i.imgur.com/s3F1unH.jpg" src="http://i.imgur.com/s3F1unH.jpg" />
<AssetImage id="http://images.naldzgraphics.net/2014/07/19-beautiful-seamless-grass-texture.jpg" src="http://images.naldzgraphics.net/2014/07/19-beautiful-seamless-grass-texture.jpg" />
<AssetImage id="http://i.imgur.com/hWzRNUC.jpg" src="http://i.imgur.com/hWzRNUC.jpg" />
<AssetImage id="http://i.imgur.com/PMwg93x.gif" src="http://i.imgur.com/PMwg93x.gif" />
<AssetImage id="http://www.animated-gifs.eu/religion-pentacle/0061.gif" src="http://www.animated-gifs.eu/religion-pentacle/0061.gif" />
<AssetImage id="http://i.imgur.com/g7AuLTb.png" src="http://i.imgur.com/g7AuLTb.png" />
<AssetImage id="http://i.imgur.com/z9PCjXz.png" src="http://i.imgur.com/z9PCjXz.png" />
<AssetImage id="http://i.imgur.com/a792DYd.jpg" src="http://i.imgur.com/a792DYd.jpg" />
<AssetImage id="http://i.imgur.com/qLsOH3f.jpg" src="http://i.imgur.com/qLsOH3f.jpg" />
<AssetImage id="http://i.imgur.com/nJgRRz3.jpg" src="http://i.imgur.com/nJgRRz3.jpg" />
<AssetImage id="http://i.imgur.com/ixqTXMm.png" src="http://i.imgur.com/ixqTXMm.png" />
<AssetImage id="http://i.imgur.com/6Nvdnc4.png" src="http://i.imgur.com/6Nvdnc4.png" />
<AssetImage id="http://i.imgur.com/E6PvzjP.png" src="http://i.imgur.com/E6PvzjP.png" />
<AssetImage id="http://i.imgur.com/O2oqexF.png" src="http://i.imgur.com/O2oqexF.png" />
<AssetImage id="https://65.media.tumblr.com/c00b91493965f618d25257b66b592e28/tumblr_n0djk9VKjv1ra63fuo1_500.png" src="https://65.media.tumblr.com/c00b91493965f618d25257b66b592e28/tumblr_n0djk9VKjv1ra63fuo1_500.png" />
<AssetImage id="http://vesta.janusvr.com/files/doors/door_14.jpg" src="http://vesta.janusvr.com/files/doors/door_14.jpg" />
<AssetImage id="http://www.wildtextures.com/wp-content/uploads/2012/09/wildtextures-deep-grass.jpg" src="http://www.wildtextures.com/wp-content/uploads/2012/09/wildtextures-deep-grass.jpg" />
<AssetImage id="hits" src="http://s09.flagcounter.com/countxl/ck24/bg_000000/txt_FFFFFF/border_CCCCCC/columns_5/maxflags_20/viewers_Cybernauts/labels_0/pageviews_1/flags_0/percent_0/" tex_compress="true" />
<AssetImage id="http://i.imgur.com/lUs6jha.jpg" src="http://i.imgur.com/lUs6jha.jpg" />
<AssetImage id="http://i.imgur.com/b5AlR67.jpg" src="http://i.imgur.com/b5AlR67.jpg" />
<AssetImage id="http://i.imgur.com/Dx6TBuX.jpg" src="http://i.imgur.com/Dx6TBuX.jpg" />
<AssetImage id="http://educateinspirechange.org/wp-content/uploads/2014/10/mckpsy.jpg" src="http://educateinspirechange.org/wp-content/uploads/2014/10/mckpsy.jpg" />
<AssetImage id="http://i.imgur.com/gBbUUQn.png" src="http://i.imgur.com/gBbUUQn.png" />
<AssetImage id="sky_front" src="http://i.imgur.com/dbHKI7A.jpg" tex_clamp="true" />
<AssetImage id="http://i.imgur.com/y8QmTzM.gif" src="http://i.imgur.com/y8QmTzM.gif" />
<AssetImage id="http://i.imgur.com/pQTOQ2m.jpg" src="http://i.imgur.com/pQTOQ2m.jpg" />
<AssetImage id="http://i.imgur.com/tpXxE6Y.png" src="http://i.imgur.com/tpXxE6Y.png" />
<AssetImage id="http://i.imgur.com/3EWcY6D.jpg" src="http://i.imgur.com/3EWcY6D.jpg" />
<AssetImage id="http://i.gyazo.com/17851b8155ad748fea66689282336048.jpg" src="http://i.gyazo.com/17851b8155ad748fea66689282336048.jpg" />
<AssetImage id="http://i.imgur.com/Ee8DJtm.jpg" src="http://i.imgur.com/Ee8DJtm.jpg" />
<AssetImage id="http://i.imgur.com/5FStd9Q.png" src="http://i.imgur.com/5FStd9Q.png" />
<AssetImage id="http://i.imgur.com/YvVsgDd.jpg" src="http://i.imgur.com/YvVsgDd.jpg" />
<AssetImage id="http://i.imgur.com/Sup8UQP.jpg" src="http://i.imgur.com/Sup8UQP.jpg" />
<AssetImage id="http://pre04.deviantart.net/d25e/th/pre/f/2015/195/c/1/mandala2_by_daypaw-d91coj6.png" src="http://pre04.deviantart.net/d25e/th/pre/f/2015/195/c/1/mandala2_by_daypaw-d91coj6.png" />
<AssetImage id="http://i.imgur.com/jXwxwCw.gif" src="http://i.imgur.com/jXwxwCw.gif" />
<AssetImage id="http://i.imgur.com/PMEOqM1.png" src="http://i.imgur.com/PMEOqM1.png" />
<AssetImage id="http://www.pngall.com/wp-content/uploads/2016/07/Mandala-Tattoos-PNG-Clipart.png" src="http://www.pngall.com/wp-content/uploads/2016/07/Mandala-Tattoos-PNG-Clipart.png" />
<AssetImage id="http://i.imgur.com/Qv2tvVH.jpg" src="http://i.imgur.com/Qv2tvVH.jpg" />
<AssetImage id="http://i.imgur.com/aBHaY10.png" src="http://i.imgur.com/aBHaY10.png" />
<AssetImage id="http://i.imgur.com/YsLJzQX.jpg" src="http://i.imgur.com/YsLJzQX.jpg" />
<AssetImage id="http://i.imgur.com/mFCMCgp.jpg" src="http://i.imgur.com/mFCMCgp.jpg" />
<AssetWebSurface id="http://www.instagram.com/techn0.shaman/" src="http://www.instagram.com/techn0.shaman/" width="1000" height="800" />
<AssetWebSurface id="web1" src="http://mumpi.vrsites.com/viewer2/" width="1280" height="768" />
<AssetWebSurface id="http://i.imgur.com/jXwxwCw.gifdata:image/gif;base64,R0lGODlh4QAsAfcAAAAAAAAAAAAAAAAAAAEBAQcLEgkRGgoZKAoYLgkUMwcOOwYNPgcTQQgZQQkdQgchRAogRwofSwobTgsXTwwVTwsUTwkSTwYOUQMIUQIGUwMLVwUTWwcZXwsdYg0eZgwbZgoWaAcUbAURbwIJdwACfgAAfgAAfgAAfwACgwABxwAD7QAL7gIb3QQl0gY2" src="http://i.imgur.com/jXwxwCw.gifdata:image/gif;base64,R0lGODlh4QAsAfcAAAAAAAAAAAAAAAAAAAEBAQcLEgkRGgoZKAoYLgkUMwcOOwYNPgcTQQgZQQkdQgchRAogRwofSwobTgsXTwwVTwsUTwkSTwYOUQMIUQIGUwMLVwUTWwcZXwsdYg0eZgwbZgoWaAcUbAURbwIJdwACfgAAfgAAfgAAfwACgwABxwAD7QAL7gIb3QQl0gY2" width="1000" height="800" />
<AssetWebSurface id="https://scontent-yyz1-1.xx.fbcdn.net/v/t1.0-9/14051622_1016220861829721_63079673937427993_n.jpg?oh=4b30602aea228a8cdd333f0f228cadaf&oe=583D7FBC" src="https://scontent-yyz1-1.xx.fbcdn.net/v/t1.0-9/14051622_1016220861829721_63079673937427993_n.jpg?oh=4b30602aea228a8cdd333f0f228cadaf&oe=583D7FBC" width="1000" height="800" />
<AssetWebSurface id="web1" src="http://mumpi.vrsites.com/viewer2/" width="1280" height="768" />
</Assets>
<Room pos="0 0 0.4" xdir="-1 -0.000002 0.000007" ydir="-0.000002 1 -0.000002" zdir="-0.000007 -0.000002 -1" col="#7f7f7f" skybox_front_id="sky_front" skybox_left_id="sky_left" skybox_back_id="sky_back" skybox_right_id="sky_right" skybox_up_id="sky_up">
<Ghost id="Jeffrey Lynn Damon" js_id="10" pos="-3.00999 -0.221 -7.35729" xdir="0.866199 -0 -0.499698" ydir="-0.001133 0.999997 -0.001964" zdir="0.499697 0.002267 0.866197" scale="0.01 0.01 0.01" col="#e0c0a1" lighting="false" head_id="head_id" head_pos="0 0 0" body_id="body" anim_id="idle" userid_pos="0 0.3 0" />
<Image id="hits" js_id="11" pos="-3.9 1.17 -0.77" xdir="0.000002 -0.000002 -1" ydir="0.000005 1 -0.000002" zdir="1 -0.000005 0.000002" lighting="false" />
<Object id="portalcastle" js_id="12" pos="1.7 -0.5 -12" xdir="-1 0 -0.000002" zdir="0.000002 0 -1" collision_id="portalcastle" />
<Object id="plane" js_id="techn0.shaman-2-1449778352" pos="11.8 0.5 -20.4" xdir="-1 0.000021 0" ydir="0.000021 1 0" zdir="0 0 -1" scale="3.3 1.1 1" lighting="false" cull_face="none" image_id="http://www.neutralzone.ca/logo/neutral logo-white letters.jpg" />
<Object id="plane" js_id="techn0.shaman-1-1449786782" pos="11.46 -1.92 -19.889999" xdir="-1 -0.000115 0" ydir="-0.000115 1 0" zdir="0 0 -1" scale="2.5 2.5 1" lighting="false" cull_face="none" image_id="http://i.imgur.com/a792DYd.jpg" />
<Object id="plane" js_id="techn0.shaman-2-1449786851" pos="2 0.9 -18.939999" xdir="0.074304 0 0.997235" ydir="0.0039 0.999992 -0.000291" zdir="-0.997228 0.003911 0.074303" scale="2.5 2.1 1" lighting="false" cull_face="none" image_id="http://i.imgur.com/Ee8DJtm.jpg" />
<Object id="plane" js_id="techn0.shaman-1-1449787456" pos="0.156593 3.467846 -1.626436" xdir="-0.999992 0 -0.003922" ydir="-0.000015 0.999992 0.003922" zdir="0.003922 0.003922 -0.999985" scale="5.8 1.5 1" lighting="false" cull_face="none" image_id="http://i.imgur.com/aBHaY10.png" />
<Object id="plane" js_id="techn0.shaman-4-1449790333" pos="-0.13 1.3 -7.25" xdir="0.995016 -0 -0.099717" ydir="-0.000392 0.999992 -0.003912" zdir="0.099716 0.003932 0.995008" scale="2.3 2.8 1" lighting="false" cull_face="none" image_id="http://i.imgur.com/y8QmTzM.gif" />
<Object id="plane" js_id="techn0.shaman-1-1449793604" pos="-4.3 2.7 -32" xdir="0.999992 0 0.003922" ydir="0.000015 0.999992 -0.003922" zdir="-0.003922 0.003922 0.999985" scale="3.6 4.2 1" lighting="false" cull_face="none" image_id="http://i.imgur.com/BbAdPIZ.png" />
<Object id="plane" js_id="techn0.shaman-3-1449794135" pos="-0.2 2.4 -11.6" xdir="0.999937 -0 -0.011228" ydir="-0.000044 0.999992 -0.003933" zdir="0.011228 0.003933 0.999929" scale="9.200001 4.3 1" lighting="false" cull_face="none" image_id="http://i.imgur.com/PMwg93x.gif" />
<Object id="plane" js_id="techn0.shaman-2-1449796141" pos="4.7 4.4 -23.629999" xdir="-0.999992 0 -0.003922" ydir="-0.000015 0.999992 0.003922" zdir="0.003922 0.003922 -0.999985" scale="3.9 3.6 1" lighting="false" cull_face="none" image_id="http://i.imgur.com/pQTOQ2m.jpg" />
<Object id="grunt" js_id="techn0.shaman-3-1449796725" pos="-0.8 0 -24.200001" xdir="-0.499999 0.000001 0.866026" ydir="0.000001 1 -0.000001" zdir="-0.866026 0 -0.499999" scale="0.02 0.02 0.02" lighting="false" cull_face="none" />
<Object id="plane" js_id="techn0.shaman-0-1449798909" pos="14.8 -1.1 -26" xdir="-0.003922 0 0.999992" ydir="0.003922 0.999992 0.000015" zdir="-0.999985 0.003922 -0.003922" scale="5 4 1" lighting="false" cull_face="none" image_id="http://i.imgur.com/YSNs5B7.jpg" />
<Object id="plane" js_id="techn0.shaman-1-1449799207" pos="8.3 -1.1 -20.33" xdir="-1 -0.000004 0" ydir="-0.000004 1 0" zdir="0 0 -1" scale="1 1.3 1" lighting="false" image_id="http://i.imgur.com/3EWcY6D.jpg" />
<Object id="plane" js_id="techn0.shaman-2-1449799678" pos="-11.2 2.6 -7.8" xdir="0.003922 0 -0.999992" ydir="-0.003922 0.999992 -0.000015" zdir="0.999985 0.003922 0.003922" scale="3 4 1" lighting="false" cull_face="none" image_id="http://i.imgur.com/s3F1unH.jpg" />
<Object id="plane" js_id="techn0.shaman-4-1449800051" pos="-1.3 2.3 -32" xdir="0.999992 0 0.003922" ydir="0.000015 0.999992 -0.003922" zdir="-0.003922 0.003922 0.999985" scale="3.2 5.1 1" lighting="false" cull_face="none" image_id="http://i.imgur.com/5FStd9Q.png" />
<Object id="plane" js_id="techn0.shaman-0-1449801332" pos="-7.9 2.8 -2.8" xdir="-0.999992 0 -0.003923" ydir="-0.000015 0.999992 0.003922" zdir="0.003923 0.003922 -0.999985" scale="3.2 3.1 1" lighting="false" cull_face="none" websurface_id="http://www.instagram.com/techn0.shaman/" />
<Object id="plane" js_id="techn0.shaman-1-1449801727" pos="9.51 -1.09 -20.35" xdir="-1 -0.000005 0" ydir="-0.000005 1 0" zdir="0 0 -1" scale="1.3 1.3 1" lighting="false" cull_face="none" image_id="http://i.imgur.com/Kv6OHz3.jpg" />
<Object id="plane" js_id="techn0.shaman-3-1449802274" pos="-6 1.7 -12.400001" xdir="-0.69874 -0 0.715376" ydir="0.002805 0.999992 0.00274" zdir="-0.71537 0.003921 -0.698734" scale="1.3 1.3 1" lighting="false" cull_face="none" image_id="http://i.imgur.com/YvVsgDd.jpg" />
<Object id="plane" js_id="techn0.shaman-4-1449802399" pos="-3.882 0.5 -13.400001" xdir="-0.999964 0 0.008544" ydir="0.000034 0.999992 0.003949" zdir="-0.008544 0.003949 -0.999956" scale="2.1 2.3 1" lighting="false" cull_face="none" image_id="http://i.imgur.com/X353RWW.jpg" />
<Object id="plane" js_id="techn0.shaman-7-1449802885" pos="5.1 2.3 -6.8" xdir="-0.003952 0 0.999992" ydir="0.106115 0.994354 0.000419" zdir="-0.994346 0.106116 -0.00393" scale="5 5 1" lighting="false" cull_face="none" image_id="http://i.imgur.com/5m7hA4Q.jpg" />
<Object id="plane" js_id="techn0.shaman-8-1449802967" pos="1.48 2.66 -18.639999" xdir="-0.003922 0 0.999992" ydir="0.003922 0.999992 0.000015" zdir="-0.999985 0.003922 -0.003922" scale="3 1 1" lighting="false" cull_face="none" image_id="http://i.imgur.com/gBbUUQn.png" />
<Object id="plane" js_id="techn0.shaman-10-1449803548" pos="-10.9 2.6 -26" xdir="0.003922 0 -0.999992" ydir="-0.003922 0.999992 -0.000015" zdir="0.999985 0.003922 0.003922" scale="4 4 1" lighting="false" cull_face="none" image_id="http://i.imgur.com/ixqTXMm.png" />
<Object id="plane" js_id="techn0.shaman-11-1449803960" pos="9.2 0.6 -20.4" xdir="-1 -0.000007 0" ydir="-0.000007 1 0" zdir="0 0 -1" scale="1.5 1.5 1" lighting="false" cull_face="none" image_id="http://i.imgur.com/Dx6TBuX.jpg" />
<Object id="plane" js_id="techn0.shaman-13-1449805121" pos="4.7 6.8 -21" xdir="1 0 0.000001" ydir="0.000001 0 -1" zdir="0 1 0" scale="4.38 4.48 1" col="#feffff" cull_face="none" image_id="http://www.animated-gifs.eu/religion-pentacle/0061.gif" />
<Object id="techno" js_id="techn0.shaman-14-1449805320" pos="4.8 8 -20.700001" xdir="-0.819152 0.000001 0.573576" ydir="-0 1 -0.000001" zdir="-0.573576 -0.000001 -0.819152" scale="0.006 0.004 0.005" lighting="false" rotate_deg_per_sec="45" />
<Object id="plane" js_id="techn0shaman-0-1449857087" pos="-4.5 0.1 -32.540001" xdir="0 1 -0.000001" ydir="-1 0 0" zdir="0 0.000001 1" scale="12.2 13.599999 3" lighting="false" image_id="http://media.giphy.com/media/26tPaC8vhsbuetuHC/giphy.gif" />
<Object id="object_Portal turret V2_5" js_id="techn0shaman-3-1450380354" pos="-9.6 -0.8 -15.099999" xdir="0.173648 0.000001 -0.984808" ydir="-0.984808 -0 -0.173648" zdir="-0 1 0.000001" scale="2 2 2" collision_id="object_Portal turret V2_5" />
<Object id="plane" js_id="techn0shaman-0-1450035773" pos="-5.6 1.23 -10.78" xdir="0.911567 -0 0.411151" ydir="0.001617 0.999992 -0.003584" zdir="-0.411148 0.003932 0.91156" scale="1.71 1.9 1" lighting="false" cull_face="none" image_id="http://i.imgur.com/lUs6jha.jpg" />
<Object id="plane" js_id="technoshaman-0-1450206941" pos="1.9 5.67 -21.299999" xdir="-0.003922 0 0.999992" ydir="0.003922 0.999992 0.000015" zdir="-0.999985 0.003922 -0.003922" scale="2.05 1.18 1" lighting="false" cull_face="none" image_id="http://45.media.tumblr.com/418580411f2f0a31df32d464e28452a6/tumblr_n3f31hpBqh1sgialvo1_400.gif" />
<Object id="plane" js_id="techn0shaman-0-1450288661" pos="-11.219999 2.47 -4.69" xdir="0.003922 0 -0.999992" ydir="-0.003922 0.999992 -0.000015" zdir="0.999985 0.003922 0.003922" scale="3.32 4.26 1" lighting="false" cull_face="none" image_id="http://49.media.tumblr.com/b5f8ec533915778277af9d9eb97c76c4/tumblr_nukm5cVFry1rjxhb3o1_400.gif" />
<Object id="plane" js_id="techn0shaman-3-1450401800" pos="1.3 3.2 -21.9" xdir="-0.000001 -0.000007 1" ydir="0.000001 1 0.000007" zdir="-1 0.000001 -0.000001" scale="3.4 2.1 1" lighting="false" cull_face="none" image_id="http://i.imgur.com/g7AuLTb.png" />
<Object id="plane" js_id="techn0shaman-0-1450467210" pos="-10.900001 1.8 -29.800001" xdir="0.003922 0 -0.999992" ydir="-0.003922 0.999992 -0.000015" zdir="0.999985 0.003922 0.003922" scale="4 2.7 1" lighting="false" cull_face="none" image_id="http://49.media.tumblr.com/2f5de6f6dce16de0b585124b20d32539/tumblr_mtlsmgXaj71r4cql5o1_500.gif" />
<Object id="plane" js_id="Techn0Shaman.-1-1452022768" pos="1 1.4 -16.1" xdir="-0.458144 0 0.888878" ydir="0.003481 0.999992 0.001794" zdir="-0.888871 0.003916 -0.458141" scale="3 2.6 1" lighting="false" cull_face="none" image_id="http://i.imgur.com/mFCMCgp.jpg" />
<Object id="plane" js_id="Techn0Shaman.-2-1452022822" pos="0.7 3.9 -16.200001" xdir="-0.458144 0 0.888878" ydir="0.003481 0.999992 0.001794" zdir="-0.888871 0.003916 -0.458141" scale="2 1.1 1" lighting="false" cull_face="none" image_id="http://i.imgur.com/vspMM9n.png" />
<Object id="plane" js_id="Techn0Shaman.-1-1452024321" pos="1.9 1.5 -22.200001" xdir="0.003922 -0 0.999992" ydir="0.003922 0.999992 -0.000015" zdir="-0.999985 0.003922 0.003922" scale="3 2.5 1" lighting="false" cull_face="none" image_id="http://i.gyazo.com/17851b8155ad748fea66689282336048.jpg" />
<Object id="plane" js_id="Techn0Shaman-2-1465253693" pos="-1.5 0.7 -14.2" xdir="-0.707107 0 0.707107" ydir="-0.002763 0.999992 -0.002763" zdir="-0.707101 -0.003907 -0.707101" scale="2.8 2.2 1" lighting="false" cull_face="none" image_id="http://i.imgur.com/4tpv4p2.jpg" />
<Object id="plane" js_id="techn0shaman1-64-1468100755" pos="-9.52835 -0.755431 -15.31395" xdir="-0.211668 -0.004662 -0.977331" ydir="-0.977334 -0.003002 0.211683" zdir="-0.003921 0.999985 -0.003921" scale="1 nan 1" lighting="false" cull_face="none" image_id="http://67.media.tumblr.com/72a873f95224b768121db73d61d081ed/tumblr_o774o1swPg1ute1ezo1_1280.gif" />
<Object id="plane" js_id="techn0shaman1-65-1468100785" pos="-10.2 0.3 -17" xdir="-0.003921 0 -0.999992" ydir="0.003921 0.999992 -0.000015" zdir="0.999985 -0.003921 -0.003921" scale="2.2 2.4 1" lighting="false" cull_face="none" image_id="http://i.imgur.com/YsLJzQX.jpg" />
<Object id="plane" js_id="techn0shaman1-1-1468101421" pos="-1.5 2.8 -14.5" xdir="-0.707107 0 0.707107" ydir="-0.002763 0.999992 -0.002763" zdir="-0.707101 -0.003907 -0.707101" scale="3 2 1" lighting="false" cull_face="none" image_id="http://i.imgur.com/O2oqexF.png" />
<Object id="plane" js_id="techn0shaman1-2-1468101551" pos="-10.2 2.4 -16.200001" xdir="-0.003921 0 -0.999992" ydir="0.003921 0.999992 -0.000015" zdir="0.999985 -0.003921 -0.003921" scale="3 2 1" lighting="false" cull_face="none" image_id="http://i.imgur.com/tpXxE6Y.png" />
<Object id="plane" js_id="techn0shaman.-1-1468523313" pos="14.900001 -0.2 -30.1" xdir="-0.003921 -0 0.999992" ydir="-0.003921 0.999992 -0.000015" zdir="-0.999985 -0.003921 -0.003921" scale="2.9 2.4 1" lighting="false" cull_face="none" image_id="http://i.imgur.com/z9PCjXz.png" />
<Object id="plane" js_id="techn0shaman.-2-1468523500" pos="7.8 -0.3 -22.5" xdir="-0.003921 0 -0.999992" ydir="0.003921 0.999992 -0.000015" zdir="0.999985 -0.003921 -0.003921" scale="3.8 1.1 1" lighting="false" cull_face="none" image_id="http://i.imgur.com/E6PvzjP.png" />
<Object id="plane" js_id="technoshaman-2-1472591901" pos="-3.8 3 -13.3" xdir="-0.999992 0 0.003921" ydir="-0.000015 0.999992 -0.003921" zdir="-0.003921 -0.003921 -0.999985" scale="3.5 2.6 1" lighting="false" cull_face="none" image_id="http://i.imgur.com/PMEOqM1.png" />
<Object id="tree1_obj" js_id="technoshaman-0-1473620361" pos="0.2 -0.2 -23.300001" xdir="1 -0 0" ydir="0 1 0.000005" zdir="-0 -0.000005 1" scale="0.3 0.4 0.4" cull_face="none" />
<Object id="tree1_obj" js_id="technoshaman-1-1473620459" pos="-4.8 -0.9 -19.400002" xdir="0.919661 0.005146 0.392679" ydir="-0.003921 0.999985 -0.003921" zdir="-0.392693 0.002067 0.919667" scale="0.3 0.4 0.4" cull_face="none" />
<Object id="tree1_obj" js_id="technoshaman-2-1473620461" pos="-5.5 -0.9 -19.1" xdir="0.846333 0.005408 0.532626" ydir="-0.003921 0.999985 -0.003921" zdir="-0.532639 0.00123 0.846341" scale="0.3 0.4 0.4" cull_face="none" />
<Object id="tree1_obj" js_id="technoshaman-3-1473620463" pos="-5.5 -0.9 -21" xdir="0.999951 0.003957 0.009093" ydir="-0.003921 0.999985 -0.003921" zdir="-0.009108 0.003886 0.999951" scale="0.3 0.4 0.4" cull_face="none" />
<Object id="tree1_obj" js_id="technoshaman-4-1473620537" pos="-4.5 -0.9 -18.300001" xdir="0.657279 -0.000378 -0.753647" ydir="-0.003921 0.999985 -0.003921" zdir="0.753637 0.005533 0.657268" scale="0.3 0.4 0.4" cull_face="none" />
<Object id="tree1_obj" js_id="technoshaman-5-1473620539" pos="-10 -0.9 -13.4" xdir="0.822635 0.000996 -0.568569" ydir="-0.003921 0.999985 -0.003921" zdir="0.568556 0.005456 0.822627" scale="0.3 0.4 0.4" cull_face="none" />
<Object id="tree1_obj" js_id="technoshaman-6-1473620685" pos="-4.87 -0.86 -17.360001" xdir="0.76163 0.005528 0.647988" ydir="-0.003921 0.999985 -0.003921" zdir="-0.648 0.000446 0.76164" scale="0.3 0.4 0.4" cull_face="none" />
<Object id="tree1_obj" js_id="technoshaman-7-1473620686" pos="-6.180733 -0.863839 -18.039883" xdir="0.875015 0.00533 0.484067" ydir="-0.003921 0.999985 -0.003921" zdir="-0.48408 0.001533 0.875022" scale="0.3 0.4 0.4" cull_face="none" />
<Object id="tree1_obj" js_id="technoshaman-8-1473620688" pos="-5.74 -0.86 -16.93" xdir="-0.686598 0.005543 0.727016" ydir="0.003921 0.999985 -0.003921" zdir="-0.727027 0.000159 -0.686609" scale="0.3 0.4 0.4" cull_face="none" />
<Object id="tree1_obj" js_id="technoshaman-9-1473620706" pos="-5.921393 -0.857815 -20.578918" xdir="-0.913489 -0.001987 0.406859" ydir="-0.003921 0.999985 -0.003921" zdir="-0.406844 -0.005178 -0.913483" scale="0.3 0.4 0.4" cull_face="none" />
<Object id="tree1_obj" js_id="technoshaman-10-1473620803" pos="4.216834 -0.217069 -2.681355" xdir="0.556653 0.005441 0.830727" ydir="-0.003921 0.999985 -0.003921" zdir="-0.830736 -0.001075 0.556666" scale="0.3 0.4 0.4" cull_face="none" />
<Object id="tree1_obj" js_id="technoshaman-11-1473620810" pos="4.2 -0.3 -9.6" xdir="0.919701 0.005146 0.392585" ydir="-0.003921 0.999985 -0.003921" zdir="-0.392599 0.002067 0.919707" scale="0.3 0.4 0.4" cull_face="none" />
<Object id="tree1_obj" js_id="technoshaman-13-1473620817" pos="2.9 -0.4 -10.400001" xdir="0.950813 0.004943 0.309725" ydir="-0.003921 0.999985 -0.003921" zdir="-0.30974 0.002514 0.950818" scale="0.3 0.4 0.4" cull_face="none" />
<Object id="tree1_obj" js_id="technoshaman-14-1473620852" pos="-3.950813 -0.21988 -10.462778" xdir="0.957998 0.002632 -0.286763" ydir="-0.003921 0.999985 -0.003921" zdir="0.286748 0.004881 0.957994" scale="0.3 0.4 0.4" cull_face="none" />
<Object id="tree1_obj" js_id="technoshaman-15-1473620854" pos="-4.3 -1.3 -10.400001" xdir="0.221147 0.002957 0.975236" ydir="0.003921 0.999985 -0.003921" zdir="-0.975233 0.004692 0.221132" scale="0.3 0.4 0.4" cull_face="none" />
<Object id="plane" js_id="technoshaman-18-1473621107" pos="-11.15 2.56 -10.93" xdir="0.003922 0 -0.999992" ydir="0.003921 0.999992 0.000015" zdir="0.999985 -0.003921 0.003922" scale="3.3 4.1 1" lighting="false" cull_face="none" image_id="http://i.imgur.com/25zcLas.jpg" />
<Object id="http://www.techn0shaman.one/blender/trees/HandMadeTree2.dae.gz" js_id="technoshaman-19-1473621217" pos="-6.07 -0.8 -16.359999" xdir="-0.516304 0.005329 -0.856389" ydir="0.001435 0.999985 0.005357" zdir="0.856404 0.001536 -0.516303" scale="0.3 0.3 0.3" cull_face="none" />
<Object id="plane" js_id="technoshaman-21-1473621858" pos="-6.47 0.85 -15.69" xdir="0.864058 0 0.503393" ydir="-0.001974 0.999992 0.003388" zdir="-0.503389 -0.003921 0.864051" scale="1.9 2.1 1" lighting="false" cull_face="none" image_id="http://i.imgur.com/Sup8UQP.jpg" />
<Object id="plane" js_id="technoshaman-22-1473622051" pos="-10.2 0.8 -19.300001" xdir="-0.003921 0 -0.999992" ydir="0.003921 0.999992 -0.000015" zdir="0.999985 -0.003921 -0.003921" scale="1.8 1.6 1" lighting="false" cull_face="none" image_id="http://educateinspirechange.org/wp-content/uploads/2014/10/mckpsy.jpg" />
<Object id="plane" js_id="technoshaman-23-1473622180" pos="-0.1 -0.02 -7.38" xdir="0.994485 0.003489 -0.104821" ydir="-0.104806 -0.004311 -0.994483" zdir="-0.003921 0.999985 -0.003921" scale="3.2 3.38 1.2" lighting="false" cull_face="none" image_id="http://www.pngall.com/wp-content/uploads/2016/07/Mandala-Tattoos-PNG-Clipart.png" />
<Object id="plane" js_id="technoshaman-24-1473622296" pos="-0.4 -0.2 -6.7" xdir="1 -0 -0" ydir="-0 0.000003 -1" zdir="0 1 0.000003" scale="10 10 2" lighting="false" cull_face="none" image_id="http://pre04.deviantart.net/d25e/th/pre/f/2015/195/c/1/mandala2_by_daypaw-d91coj6.png" />
<Object id="plane" js_id="technoshaman-25-1473622382" pos="0.576605 -0.101017 -4.603118" xdir="0.944694 0.004991 0.327916" ydir="0.327931 -0.002419 -0.944699" zdir="-0.003921 0.999985 -0.003921" scale="1 nan 1" lighting="false" cull_face="none" image_id="http://pre04.deviantart.net/d25e/th/pre/f/2015/195/c/1/mandala2_by_daypaw-d91coj6.png" />
<Object id="plane" js_id="technoshaman-26-1473622388" pos="-0.3 4.7 -6.7" xdir="1 0 -0" ydir="0 -0.000002 1" zdir="0 -1 -0.000002" scale="9.5 9.5 1" lighting="false" cull_face="none" image_id="https://65.media.tumblr.com/c00b91493965f618d25257b66b592e28/tumblr_n0djk9VKjv1ra63fuo1_500.png" />
<Object id="plane" js_id="technoshaman-27-1473622455" pos="-6.381843 -0.131678 -9.862194" xdir="0.997591 0.004184 0.069239" ydir="0.069254 -0.00364 -0.997592" zdir="-0.003921 0.999985 -0.003921" scale="1 nan 1" lighting="false" cull_face="none" image_id="https://65.media.tumblr.com/c00b91493965f618d25257b66b592e28/tumblr_n0djk9VKjv1ra63fuo1_500.png" />
<Object id="plane" js_id="technoshaman-28-1473622460" pos="-8 -0.21 -9.54" xdir="0.99456 0.003492 -0.104103" ydir="-0.104087 -0.004308 -0.994559" zdir="-0.003921 0.999985 -0.003921" scale="4.4 4 0.9" lighting="false" cull_face="none" image_id="https://67.media.tumblr.com/636a88fa242835c0e8777e4a88c71a23/tumblr_o1nefoEXud1v5s3gyo1_500.png" />
<Object id="plane" js_id="technoshaman-29-1473622506" pos="-8 -0.22 -5" xdir="-0.000002 -0.000003 -1" ydir="-1 -0.000002 0.000002" zdir="-0.000002 1 -0.000003" scale="4.4 4 0.9" lighting="false" cull_face="none" image_id="https://67.media.tumblr.com/636a88fa242835c0e8777e4a88c71a23/tumblr_o1nefoEXud1v5s3gyo1_500.png" />
<Object id="plane" js_id="technoshaman-31-1473622642" pos="-8.8 -0.85 -14.82" xdir="1 -0 -0.000001" ydir="-0.000001 0 -1" zdir="0 1 0" scale="3 3 1" lighting="false" cull_face="none" image_id="http://images.naldzgraphics.net/2014/07/19-beautiful-seamless-grass-texture.jpg" />
<Object id="plane" js_id="technoshaman-32-1473622699" pos="-5.8 -0.85 -14.799999" xdir="1 -0 -0.000002" ydir="-0.000002 0 -1" zdir="0 1 0" scale="3 3 1" lighting="false" cull_face="none" image_id="http://images.naldzgraphics.net/2014/07/19-beautiful-seamless-grass-texture.jpg" />
<Object id="plane" js_id="technoshaman-33-1473622734" pos="-8.7 -0.85 -17.82" xdir="1 0 -0.000002" ydir="-0.000002 0.000005 -1" zdir="-0 1 0.000005" scale="3 3 1" lighting="false" cull_face="none" image_id="http://images.naldzgraphics.net/2014/07/19-beautiful-seamless-grass-texture.jpg" />
<Object id="plane" js_id="technoshaman-34-1473622736" pos="-2.8 -0.85 -14.809999" xdir="1 0.000001 0.000003" ydir="0.000003 0 -1" zdir="-0.000001 1 0" scale="3 3 1" lighting="false" cull_face="none" image_id="http://images.naldzgraphics.net/2014/07/19-beautiful-seamless-grass-texture.jpg" />
<Object id="plane" js_id="technoshaman-35-1473622786" pos="-8.7 -0.85 -20.82" xdir="0 0 -1" ydir="1 0 0" zdir="-0 -1 -0" scale="3 3 1" lighting="false" cull_face="none" image_id="http://images.naldzgraphics.net/2014/07/19-beautiful-seamless-grass-texture.jpg" />
<Object id="plane" js_id="technoshaman-36-1473622787" pos="-8.7 -0.85 -23.82" xdir="-1 0.000002 -0.000005" ydir="-0.000005 -0.000002 1" zdir="0.000002 1 0.000002" scale="3 3 1" lighting="false" cull_face="none" image_id="http://images.naldzgraphics.net/2014/07/19-beautiful-seamless-grass-texture.jpg" />
<Object id="plane" js_id="technoshaman-37-1473622900" pos="-2.7 -0.85 -17.809999" xdir="1 0.000001 -0.000005" ydir="0.000005 -0 1" zdir="0.000001 -1 -0" scale="3 3 1" lighting="false" cull_face="none" image_id="http://images.naldzgraphics.net/2014/07/19-beautiful-seamless-grass-texture.jpg" />
<Object id="plane" js_id="technoshaman-38-1473622900" pos="-5.7 -0.85 -17.799999" xdir="0.000003 0.000001 -1" ydir="1 -0 0.000003" zdir="-0 -1 -0.000001" scale="3 3 1" lighting="false" cull_face="none" image_id="http://images.naldzgraphics.net/2014/07/19-beautiful-seamless-grass-texture.jpg" />
<Object id="plane" js_id="technoshaman-39-1473622902" pos="-2.75 -0.85 -20.799999" xdir="-1 0 0.000003" ydir="-0.000003 0 -1" zdir="-0 -1 -0" scale="3 3 1" lighting="false" cull_face="none" image_id="http://images.naldzgraphics.net/2014/07/19-beautiful-seamless-grass-texture.jpg" />
<Object id="plane" js_id="technoshaman-40-1473622904" pos="-5.7 -0.85 -20.799999" xdir="-1 -0.000001 0.000002" ydir="-0.000002 -0 -1" zdir="0.000001 -1 0" scale="3 3 1" lighting="false" cull_face="none" image_id="http://images.naldzgraphics.net/2014/07/19-beautiful-seamless-grass-texture.jpg" />
<Object id="plane" js_id="technoshaman-44-1473623120" pos="-2.7 -0.85 -23.799999" xdir="-1 -0 0.000004" ydir="-0.000004 0 -1" zdir="-0 -1 -0" scale="3 3 1" lighting="false" cull_face="none" image_id="http://images.naldzgraphics.net/2014/07/19-beautiful-seamless-grass-texture.jpg" />
<Object id="plane" js_id="technoshaman-45-1473623121" pos="-5.7 -0.85 -23.789999" xdir="-1 -0 -0.000001" ydir="0.000001 -0 -1" zdir="0 -1 -0" scale="3 3 1" lighting="false" cull_face="none" image_id="http://images.naldzgraphics.net/2014/07/19-beautiful-seamless-grass-texture.jpg" />
<Object id="plane" js_id="technoshaman-46-1473623625" pos="-5.615407 -0.12825 -4.109206" xdir="0.412126 -0.001957 -0.911125" ydir="-0.911118 -0.005189 -0.412112" zdir="-0.003921 0.999985 -0.003921" scale="1 nan 1" lighting="false" cull_face="none" image_id="http://images.naldzgraphics.net/2014/07/19-beautiful-seamless-grass-texture.jpg" />
<Object id="plane" js_id="technoshaman-47-1473623628" pos="-4.765989 -0.098129 -4.379692" xdir="0.451017 -0.001731 -0.892514" ydir="-0.892507 -0.005269 -0.451003" zdir="-0.003921 0.999985 -0.003921" scale="1 nan 1" lighting="false" cull_face="none" image_id="http://images.naldzgraphics.net/2014/07/19-beautiful-seamless-grass-texture.jpg" />
<Object id="plane" js_id="technoshaman-48-1473623634" pos="-4.48 1.3 -2.34" xdir="-0.607343 0 -0.79444" ydir="0.003148 0.999992 -0.002406" zdir="0.794434 -0.003962 -0.607338" scale="1.4 2.1 1" lighting="false" cull_face="none" image_id="http://i.imgur.com/hWzRNUC.jpg" />
<Object id="http://www.techn0shaman.one/firefoxtechnomountain/pyramid/StepPyramid.dae" js_id="technoshaman-51-1473623995" pos="-6.5 -0.1 -28" xdir="-1 -0.000003 0" ydir="-0.000003 1 0" zdir="-0 0 -1" scale="0.07 0.07 0.07" lighting="false" cull_face="none" />
<Object id="http://www.techn0shaman.one/newapartment/houseplant1/AGRA-I-S2862-37-481112.obj" js_id="technoshaman-52-1473624586" pos="-5.18 -0.22 -3.05" xdir="0.573575 0.000003 0.819153" ydir="-0.000002 1 -0.000003" zdir="-0.819153 0 0.573575" scale="0.04 0.03 0.04" cull_face="none" />
<Object id="http://www.techn0shaman.one/newapartment/redprunusplant/Prunus.obj" js_id="technoshaman-53-1473624763" pos="-9.5 -1.1 -23" xdir="0.986925 0.003238 -0.161145" ydir="-0.003921 0.999985 -0.003921" zdir="0.16113 0.004502 0.986923" scale="0.03 0.03 0.03" cull_face="none" />
<Object id="http://www.techn0shaman.one/newapartment/redprunusplant/Prunus.obj" js_id="technoshaman-54-1473624839" pos="-3.92 -0.92 -19" xdir="0 -0.00001 -1" ydir="0 1 -0.00001" zdir="1 -0 0" scale="0.03 0.03 0.03" cull_face="none" />
